/camera/color/image_raw
/rslidar_points
9.999239e-01 9.837760e-03 -7.445048e-03 0.0
-9.869795e-03 9.999421e-01 -4.278459e-03 0.0
7.402527e-03 4.351614e-03 9.999631e-01 0.0
0 0 0 1									//相机与相机外参矩阵
7.215377e+02 0.000000e+00 6.095593e+02 0.000000e+00
0.000000e+00 7.215377e+02 1.728540e+02 0.000000e+00
0.000000e+00 0.000000e+00 1.000000e+00 0.000000e+00 //相机内参矩阵
7.533745e-03 -9.999714e-01 -6.166020e-04 -4.069766e-03
1.480249e-02 7.280733e-04 -9.998902e-01 -7.631618e-02
9.998621e-01 7.523790e-03 1.480755e-02 -2.717806e-01
0 0 0 1											//相机与激光雷达之间的外参矩阵


8.3292837847067647e-03 9.0817145069356231e-03 9.9992406986393145e-01 1.5118935739579048e-01
-9.9994403998181325e-01 6.5978671223763108e-03 8.2695256384816007e-03 -5.5336070520812545e-03
-6.5222646744714785e-03 -9.9993699332060426e-01 9.1361618016626567e-03 -1.6643923178486580e-01
0 0 0 1
