%YAML:1.0
---
CameraExtrinsicMat: !!opencv-matrix
   rows: 4
   cols: 4
   dt: d
   data: [ 8.3292837847067647e-03, 9.0817145069356231e-03,
       9.9992406986393145e-01, 1.5118935739579048e-01,
       -9.9994403998181325e-01, 6.5978671223763108e-03,
       8.2695256384816007e-03, -5.5336070520812545e-03,
       -6.5222646744714785e-03, -9.9993699332060426e-01,
       9.1361618016626567e-03, -1.6643923178486580e-01, 0., 0., 0., 1. ]
CameraMat: !!opencv-matrix
   rows: 3
   cols: 3
   dt: d
   data: [ 6.1357460456358911e+02, 0., 3.2163058882462070e+02, 0.,
       6.1113169628631670e+02, 2.3089327019320231e+02, 0., 0., 1. ]
DistCoeff: !!opencv-matrix
   rows: 1
   cols: 5
   dt: d
   data: [ 2.0535941216312047e-02, 7.2004104010419967e-01,
       -6.5532736597327598e-03, -1.2136694210861017e-03,
       -3.0317823129563606e+00 ]
ImageSize: [ 640, 480 ]
ReprojectionError: 1.7820870247946674e-01
